timestamp,rx_mbps_p1,tx_mbps_p1,rx_pps_p1,tx_pps_p1,avg_rx_pkt_bytes_p1,util_rx_pct_p1,drop_p1,delay_ms_p1,last_payload_bytes_p1,priority_tag_p1,policing_rate_kbps_p1,policing_burst_kbps_p1,rx_mbps_p2,tx_mbps_p2,rx_pps_p2,tx_pps_p2,avg_rx_pkt_bytes_p2,util_rx_pct_p2,drop_p2,delay_ms_p2,last_payload_bytes_p2,priority_tag_p2,policing_rate_kbps_p2,policing_burst_kbps_p2,rx_mbps_p4,tx_mbps_p4,rx_pps_p4,tx_pps_p4,avg_rx_pkt_bytes_p4,util_rx_pct_p4,drop_p4,delay_ms_p4,last_payload_bytes_p4,priority_tag_p4,policing_rate_kbps_p4,policing_burst_kbps_p4
2026-01-20T07:25:37Z,0.31928,0.60576,621.0,1262.0,64.26731078904992,0.31928,0,5.743,139,0,100000,10000,0.30904,0.59568,601.0,1241.0,64.27620632279535,0.30904,0,6.849,1823,0,100000,10000,0.330752,0.1224,646.0,255.0,64.0,0.330752,0,5.752,134,1,100000,10000
2026-01-20T07:25:38Z,3.245752,6.73632,6300.0,14034.0,64.39984126984127,3.2457519999999995,0,5.743,139,0,100000,10000,3.246776,6.738096,6302.0,14038.0,64.39971437638845,3.2467759999999997,0,6.861,1824,0,100000,10000,3.998392,1.15776,7770.0,2412.0,64.32419562419562,3.998392,0,5.752,134,1,100000,10000
2026-01-20T07:25:39Z,3.245112,6.75408,6326.0,14071.0,64.12251027505533,3.2451119999999998,0,6.290,139,0,100000,10000,3.246136,6.755376,6328.0,14074.0,64.12247155499368,3.2461360000000004,0,6.861,1824,0,100000,10000,3.978808,1.17504,7759.0,2448.0,64.09988400567083,3.9788079999999995,0,5.752,134,1,100000,10000
2026-01-20T07:25:40Z,3.275872,6.7536,6336.0,14070.0,64.62815656565657,3.2758719999999997,0,6.290,139,0,100000,10000,3.274848,6.752976,6334.0,14069.0,64.62835491000948,3.2748479999999995,0,6.994,1823,0,100000,10000,4.01008,1.16928,7770.0,2436.0,64.51222651222652,4.01008,0,5.755,133,1,100000,10000
2026-01-20T07:25:41Z,3.060792,6.2736,5969.0,13070.0,64.09767130172558,3.060792,0,6.290,139,0,100000,10000,3.234872,6.74688,6309.0,14056.0,64.09240767158028,3.2348720000000006,0,6.994,1823,0,100000,10000,3.976248,1.16544,7757.0,2428.0,64.07515792187701,3.9762480000000004,0,5.755,133,1,100000,10000
2026-01-20T07:25:42Z,3.284336,6.73872,6338.0,14039.0,64.77469233196592,3.284336,0,5.726,139,0,100000,10000,3.109232,6.264816,5996.0,13052.0,64.81887925283522,3.109232,0,6.813,1823,0,100000,10000,4.028272,1.15968,7791.0,2416.0,64.6302143498909,4.028272,0,5.816,134,1,100000,10000
2026-01-20T07:25:44Z,3.22536,6.73968,6293.0,14041.0,64.06642300969331,3.2253600000000002,0,5.726,139,0,100000,10000,3.22536,6.740016,6293.0,14042.0,64.06642300969331,3.2253600000000002,0,6.813,1823,0,100000,10000,3.643664,1.15008,7110.0,2396.0,64.05879043600562,3.643664,0,5.816,134,1,100000,10000
2026-01-20T07:25:45Z,3.235216,6.74448,6307.0,14051.0,64.11954970667512,3.235216,0,5.726,139,0,100000,10000,3.236752,6.746256,6310.0,14055.0,64.11949286846276,3.2367520000000005,0,6.931,1823,0,100000,10000,3.979152,1.16448,7760.0,2426.0,64.09716494845361,3.9791519999999996,0,5.769,134,1,100000,10000
2026-01-20T07:25:46Z,3.260912,6.74832,6326.0,14059.0,64.43471387922858,3.260912,0,5.737,139,0,100000,10000,3.262448,6.750576,6329.0,14064.0,64.43450782114078,3.2624479999999996,0,6.931,1823,0,100000,10000,4.002112,1.17552,7772.0,2449.0,64.36747297992795,4.002112,0,5.769,134,1,100000,10000
2026-01-20T07:25:47Z,3.255984,6.7608,6349.0,14085.0,64.10426838872263,3.2559839999999998,0,5.737,139,0,100000,10000,3.253424,6.758736,6344.0,14081.0,64.10435056746532,3.253424,0,6.931,1823,0,100000,10000,3.981152,1.17216,7767.0,2442.0,64.07158491051887,3.981152,0,5.769,134,1,100000,10000
2026-01-20T07:25:48Z,3.271896,6.5808,6323.0,13710.0,64.68242922663293,3.271896,0,5.737,139,0,100000,10000,3.273944,6.743376,6327.0,14049.0,64.68199778726094,3.273944,0,6.931,1823,0,100000,10000,4.013272,1.16496,7771.0,2427.0,64.55526959207309,4.013272,0,5.743,133,1,100000,10000
2026-01-20T07:25:49Z,3.0594,6.42864,5961.0,13393.0,64.15450427780574,3.0594,0,5.748,139,0,100000,10000,3.06176,6.268176,5961.0,13059.0,64.20399261868813,3.06176,0,6.931,1823,0,100000,10000,3.98336,1.15728,7761.0,2411.0,64.15668084009792,3.98336,0,5.743,133,1,100000,10000
2026-01-20T07:25:51Z,3.259632,6.75024,6323.0,14063.0,64.43998102166692,3.259632,0,5.748,139,0,100000,10000,3.26188,6.755376,6332.0,14074.0,64.39276689829438,3.2618800000000006,0,6.931,1823,0,100000,10000,3.994552,1.1784,7763.0,2455.0,64.32036583794924,3.9945519999999997,0,5.748,133,1,100000,10000
2026-01-20T07:25:52Z,3.253448,6.75888,6338.0,14081.0,64.16550962448721,3.2534480000000006,0,5.748,139,0,100000,10000,3.24628,6.752016,6324.0,14067.0,64.16587602783049,3.24628,0,6.931,1823,0,100000,10000,3.651272,1.15872,7115.0,2414.0,64.1474349964863,3.6512719999999996,0,5.748,133,1,100000,10000
2026-01-20T07:25:53Z,3.251504,6.74832,6316.0,14059.0,64.35053831538949,3.251504,0,5.748,139,0,100000,10000,3.251504,6.7488,6316.0,14060.0,64.35053831538949,3.251504,0,6.931,1823,0,100000,10000,3.991344,1.17216,7761.0,2442.0,64.2852725164283,3.9913439999999993,0,5.748,133,1,100000,10000
2026-01-20T07:25:54Z,3.275672,6.76032,6361.0,14084.0,64.37022480742021,3.275672,0,5.746,139,0,100000,10000,3.27516,6.760512,6360.0,14085.0,64.37028301886792,3.27516,0,6.931,1823,0,100000,10000,3.996568,1.17888,7769.0,2456.0,64.3031278156777,3.9965679999999995,0,5.821,133,1,100000,10000
2026-01-20T07:25:55Z,3.26104,6.74544,6326.0,14053.0,64.43724312361682,3.26104,0,5.746,139,0,100000,10000,3.261552,6.746256,6327.0,14055.0,64.43717401612139,3.261552,0,6.931,1823,0,100000,10000,4.003952,1.16352,7777.0,2424.0,64.35566413784235,4.003952,0,5.821,133,1,100000,10000
2026-01-20T07:25:56Z,3.23516,6.74688,6310.0,14056.0,64.08795562599049,3.23516,0,5.746,139,0,100000,10000,3.23516,6.74688,6310.0,14056.0,64.08795562599049,3.23516,0,6.931,1823,0,100000,10000,3.976536,1.16832,7758.0,2434.0,64.07153905645785,3.976536,0,5.762,133,1,100000,10000
2026-01-20T07:25:58Z,3.260688,6.74688,6318.0,14056.0,64.51187084520417,3.2606879999999996,0,5.965,139,0,100000,10000,3.2612,6.747696,6319.0,14058.0,64.51178984016458,3.2612,0,10.619,1822,0,100000,10000,4.002064,1.16256,7766.0,2422.0,64.41643059490085,4.002064,0,5.762,133,1,100000,10000
2026-01-20T07:25:59Z,3.060792,6.26784,5961.0,13058.0,64.18369401107196,3.060792,0,5.965,139,0,100000,10000,3.101752,6.283056,6041.0,13090.0,64.18126138056613,3.101752,0,10.619,1822,0,100000,10000,3.982392,1.15968,7761.0,2416.0,64.14109006571319,3.982392,0,5.762,133,1,100000,10000
2026-01-20T07:26:00Z,3.280664,6.74064,6327.0,14043.0,64.8147621305516,3.280664,0,5.965,139,0,100000,10000,3.248504,6.733296,6264.0,14028.0,64.82487228607918,3.248504,0,7.121,2323,0,100000,10000,4.02552,1.1808,7780.0,2460.0,64.67737789203085,4.02552,0,5.741,133,1,100000,10000
2026-01-20T07:26:01Z,3.279544,6.77184,6377.0,14108.0,64.28461659087345,3.279544,0,5.725,139,0,100000,10000,3.270744,6.765936,6360.0,14096.0,64.28349056603774,3.2707440000000005,0,7.121,2323,0,100000,10000,3.991328,1.17504,7769.0,2448.0,64.21881838074398,3.991328,0,5.741,133,1,100000,10000
2026-01-20T07:26:02Z,3.268248,6.74352,6326.0,14049.0,64.57967119822953,3.268248,0,5.725,139,0,100000,10000,3.269272,6.744816,6328.0,14052.0,64.57948798988622,3.269272,0,7.296,2324,0,100000,10000,3.682456,1.15344,7135.0,2403.0,64.51394533987386,3.6824559999999997,0,5.760,132,1,100000,10000
2026-01-20T07:26:03Z,3.230976,6.74016,6298.0,14042.0,64.12702445220705,3.230976,0,5.725,139,0,100000,10000,3.228928,6.738576,6294.0,14039.0,64.12710517953606,3.228928,0,7.296,2324,0,100000,10000,3.97952,1.15632,7760.0,2409.0,64.10309278350516,3.9795200000000004,0,5.760,132,1,100000,10000
2026-01-20T07:26:05Z,3.254744,6.7368,6305.0,14035.0,64.52704203013481,3.2547440000000005,0,5.739,139,0,100000,10000,3.255768,6.738096,6307.0,14038.0,64.52687490090376,3.2557680000000007,0,7.161,2323,0,100000,10000,4.000728,1.1616,7762.0,2420.0,64.42811131151765,4.000728,0,5.760,132,1,100000,10000
2026-01-20T07:26:06Z,3.0784,6.27408,5983.0,13071.0,64.31556075547384,3.0784,0,5.739,139,0,100000,10000,3.248896,6.741456,6316.0,14045.0,64.29892336922103,3.248896,0,7.177,2323,0,100000,10000,3.990272,1.16832,7764.0,2434.0,64.2431736218444,3.990272,0,5.750,133,1,100000,10000
2026-01-20T07:26:07Z,3.263088,6.74448,6323.0,14051.0,64.50830302071802,3.263088,0,5.739,139,0,100000,10000,3.195456,6.341616,6190.0,13212.0,64.52859450726979,3.195456,0,7.177,2323,0,100000,10000,4.00544,1.1664,7772.0,2430.0,64.42099845599589,4.00544,0,5.750,133,1,100000,10000
2026-01-20T07:26:08Z,3.297552,6.7728,6378.0,14110.0,64.6274694261524,3.297552,0,5.818,138,0,100000,10000,3.365184,7.179216,6511.0,14957.0,64.60574412532637,3.365184,0,8.173,2323,0,100000,10000,4.009792,1.18704,7770.0,2473.0,64.50759330759331,4.009792,0,5.747,133,1,100000,10000
2026-01-20T07:26:09Z,3.223824,6.73824,6290.0,14038.0,64.0664546899841,3.223824,0,5.818,138,0,100000,10000,3.052816,6.268176,5956.0,13059.0,64.0701813297515,3.052816,0,8.173,2323,0,100000,10000,3.77576,1.15248,7368.0,2401.0,64.05673181324647,3.77576,0,5.747,133,1,100000,10000
2026-01-20T07:26:10Z,3.255216,6.74352,6313.0,14049.0,64.45461745604308,3.255216,0,5.818,138,0,100000,10000,3.255728,6.743856,6314.0,14050.0,64.45454545454545,3.255728,0,7.171,2322,0,100000,10000,3.861936,1.16688,7498.0,2431.0,64.38276873833023,3.861936,0,5.747,133,1,100000,10000
2026-01-20T07:26:12Z,3.264432,6.75264,6342.0,14068.0,64.34153263954589,3.264432,0,5.737,139,0,100000,10000,3.281688,6.755856,6357.0,14075.0,64.52902312411514,3.281688,0,7.171,2322,0,100000,10000,4.016256,1.17792,7790.0,2454.0,64.44569961489088,4.016256,0,5.745,133,1,100000,10000
2026-01-20T07:26:13Z,3.30352,6.76752,6384.0,14099.0,64.68358395989975,3.3035200000000002,0,5.737,139,0,100000,10000,3.29036,6.769296,6377.0,14103.0,64.49662850870315,3.2903600000000006,0,7.299,2322,0,100000,10000,4.000144,1.188,7765.0,2475.0,64.3938184159691,4.000144,0,5.745,133,1,100000,10000
2026-01-20T07:26:14Z,3.26384,6.76848,6358.0,14101.0,64.16797735136835,3.2638399999999996,0,5.737,139,0,100000,10000,3.266912,6.771696,6364.0,14108.0,64.16781898177247,3.2669120000000005,0,7.299,2322,0,100000,10000,4.312928,1.19616,8407.0,2492.0,64.12703699298204,4.312928,0,5.782,133,1,100000,10000
2026-01-20T07:26:15Z,3.279416,6.7632,6351.0,14090.0,64.54526846165957,3.2794159999999994,0,5.759,139,0,100000,10000,3.271224,6.755856,6335.0,14075.0,64.5466456195738,3.271224,0,7.138,2323,0,100000,10000,3.672632,1.16544,7119.0,2428.0,64.48644472538278,3.672632,0,5.782,133,1,100000,10000
2026-01-20T07:26:16Z,3.254984,6.744,6335.0,14050.0,64.22620363062352,3.2549839999999994,0,5.759,139,0,100000,10000,3.256008,6.745296,6337.0,14053.0,64.22613223922993,3.256008,0,7.138,2323,0,100000,10000,3.9938,1.16832,7778.0,2434.0,64.18423759321162,3.9938000000000002,0,5.782,133,1,100000,10000
2026-01-20T07:26:17Z,3.263056,6.74448,6325.0,14051.0,64.48727272727272,3.263056,0,5.759,139,0,100000,10000,3.263056,6.744816,6325.0,14052.0,64.48727272727272,3.263056,0,7.138,2323,0,100000,10000,4.003456,1.16736,7768.0,2432.0,64.42224510813594,4.003456,0,5.782,133,1,100000,10000
2026-01-20T07:26:19Z,3.26236,6.75456,6338.0,14072.0,64.34127485011045,3.26236,0,5.759,139,0,100000,10000,3.261848,6.75408,6337.0,14071.0,64.34132870443428,3.2618479999999996,0,7.138,2323,0,100000,10000,3.992936,1.17312,7768.0,2444.0,64.25296086508754,3.992936,0,5.782,133,1,100000,10000
2026-01-20T07:26:20Z,3.237792,6.74496,6310.0,14052.0,64.14009508716323,3.237792,0,5.766,139,0,100000,10000,3.23728,6.745152,6309.0,14053.0,64.14011729275639,3.23728,0,7.138,2323,0,100000,10000,3.981216,1.1616,7762.0,2420.0,64.11388817315125,3.981216,0,5.782,133,1,100000,10000
2026-01-20T07:26:21Z,3.064776,6.27168,5970.0,13066.0,64.17035175879397,3.064776,0,5.766,139,0,100000,10000,3.238856,6.745296,6310.0,14053.0,64.16117274167988,3.238856,0,7.138,2323,0,100000,10000,3.98228,1.16352,7762.0,2424.0,64.13102293223396,3.98228,0,5.854,133,1,100000,10000
2026-01-20T07:26:22Z,3.258016,6.74304,6310.0,14048.0,64.54072900158478,3.2580159999999996,0,5.766,139,0,100000,10000,3.083936,6.26976,5970.0,13062.0,64.5715242881072,3.083936,0,7.129,2323,0,100000,10000,4.003488,1.16112,7766.0,2419.0,64.4393510172547,4.003488,0,5.854,133,1,100000,10000
2026-01-20T07:26:23Z,3.26276,6.74832,6339.0,14059.0,64.33901246253352,3.26276,0,6.196,139,0,100000,10000,3.301104,6.750576,6348.0,14064.0,65.00283553875236,3.301104,0,7.129,2323,0,100000,10000,3.709872,1.16304,7144.0,2423.0,64.91237402015678,3.7098720000000003,0,6.442,133,1,100000,10000
2026-01-20T07:26:24Z,3.322608,6.73968,6330.0,14041.0,65.61232227488152,3.322608,0,6.196,139,0,100000,10000,3.285288,6.739392,6323.0,14041.0,64.94717697295587,3.285288,0,7.234,2323,0,100000,10000,4.03364,1.15536,7787.0,2407.0,64.74958263772955,4.03364,0,6.442,133,1,100000,10000
2026-01-20T07:26:26Z,3.348336,6.7416,6325.0,14045.0,66.17264822134388,3.348336,0,6.196,139,0,100000,10000,3.370008,6.742416,6329.0,14047.0,66.55885605940907,3.370008,0,7.199,2323,0,100000,10000,4.116504,1.16112,7787.0,2419.0,66.07974829844613,4.116504,0,6.442,133,1,100000,10000
2026-01-20T07:26:27Z,3.090776,6.27216,5981.0,13067.0,64.59571977930112,3.090776,0,6.423,139,0,100000,10000,3.240624,6.740016,6312.0,14042.0,64.17585551330798,3.2406240000000004,0,7.199,2323,0,100000,10000,3.977392,1.16688,7751.0,2431.0,64.1432073280867,3.9773919999999996,0,6.229,133,1,100000,10000
2026-01-20T07:26:28Z,3.267008,6.74784,6332.0,14058.0,64.49399873657612,3.2670080000000006,0,6.423,139,0,100000,10000,3.281056,6.762576,6358.0,14089.0,64.50644856873231,3.2810560000000004,0,7.121,2323,0,100000,10000,4.005536,1.18512,7773.0,2469.0,64.41425447060337,4.005536,0,6.229,133,1,100000,10000
2026-01-20T07:26:29Z,3.256888,6.7656,6351.0,14095.0,64.10187372067391,3.256888,0,6.423,139,0,100000,10000,3.248472,6.759216,6336.0,14082.0,64.0875946969697,3.248472,0,7.121,2323,0,100000,10000,3.977048,1.17792,7759.0,2454.0,64.07152983631912,3.977048,0,5.734,133,1,100000,10000
2026-01-20T07:26:30Z,3.3378,6.78624,6450.0,14138.0,64.68604651162791,3.3377999999999997,0,6.048,139,0,100000,10000,3.298888,6.770736,6374.0,14106.0,64.69422654534044,3.298888,0,7.137,2323,0,100000,10000,4.015688,1.1904,7774.0,2480.0,64.56920504244918,4.015688,0,5.734,133,1,100000,10000
2026-01-20T07:26:31Z,3.394512,7.04112,6611.0,14669.0,64.18302828618968,3.394512,0,6.048,139,0,100000,10000,3.255248,6.752976,6339.0,14069.0,64.19088184256192,3.2552480000000004,0,7.137,2323,0,100000,10000,3.984336,1.16928,7763.0,2436.0,64.15586757696767,3.9843360000000003,0,5.734,133,1,100000,10000
2026-01-20T07:26:33Z,3.07552,6.43344,5954.0,13403.0,64.56835740678535,3.07552,0,6.048,139,0,100000,10000,3.075008,6.260976,5953.0,13044.0,64.56845288090038,3.075008,0,7.103,2323,0,100000,10000,3.857856,1.14528,7482.0,2386.0,64.4522854851644,3.857856,0,5.789,133,1,100000,10000
2026-01-20T07:26:34Z,3.2538,6.7512,6332.0,14065.0,64.23325963360708,3.2537999999999996,0,5.784,139,0,100000,10000,3.254312,6.752016,6333.0,14067.0,64.23322280120006,3.254312,0,7.103,2323,0,100000,10000,3.806248,1.16832,7411.0,2434.0,64.19929834030495,3.806248,0,5.789,133,1,100000,10000
2026-01-20T07:26:35Z,3.262592,6.75216,6325.0,14067.0,64.47810276679841,3.262592,0,5.784,139,0,100000,10000,3.263616,6.753456,6327.0,14070.0,64.47795163584637,3.263616,0,7.092,2323,0,100000,10000,3.998336,1.17408,7762.0,2446.0,64.38959031177532,3.998336,0,5.711,133,1,100000,10000
2026-01-20T07:26:36Z,3.26048,6.74352,6324.0,14049.0,64.44655281467426,3.26048,0,5.784,139,0,100000,10000,3.259456,6.74256,6322.0,14047.0,64.44669408415058,3.259456,0,7.092,2323,0,100000,10000,4.00544,1.15968,7779.0,2416.0,64.36302866692377,4.00544,0,5.711,133,1,100000,10000
2026-01-20T07:26:37Z,3.298128,6.76416,6366.0,14092.0,64.76060320452403,3.298128,0,5.744,139,0,100000,10000,3.299152,6.765456,6368.0,14095.0,64.76036432160804,3.2991519999999994,0,7.133,2323,0,100000,10000,4.014928,1.18752,7766.0,2474.0,64.62348699459181,4.014928,0,5.711,133,1,100000,10000
2026-01-20T07:26:38Z,3.236936,6.73872,6305.0,14039.0,64.17398889770024,3.236936,0,5.744,139,0,100000,10000,3.249272,6.748176,6326.0,14059.0,64.2047107176731,3.2492720000000004,0,7.133,2323,0,100000,10000,3.989624,1.17024,7772.0,2438.0,64.1666237776634,3.989624,0,5.733,132,1,100000,10000
2026-01-20T07:26:40Z,3.267496,6.7584,6336.0,14080.0,64.46291035353535,3.2674960000000004,0,5.744,139,0,100000,10000,3.258744,6.752016,6322.0,14067.0,64.432616260677,3.258744,0,7.128,2323,0,100000,10000,3.994488,1.17024,7759.0,2438.0,64.35249387807707,3.994488,0,5.733,132,1,100000,10000
2026-01-20T07:26:41Z,3.282976,6.76128,6366.0,14086.0,64.46308513980522,3.282976,0,5.744,139,0,100000,10000,3.280416,6.75936,6361.0,14082.0,64.46344914321648,3.2804159999999998,0,7.128,2323,0,100000,10000,4.00848,1.1736,7783.0,2445.0,64.37877425157394,4.00848,0,5.733,132,1,100000,10000
2026-01-20T07:26:42Z,3.280464,6.76272,6363.0,14089.0,64.44413012729845,3.2804639999999994,0,5.744,139,0,100000,10000,3.285432,6.766416,6371.0,14097.0,64.4606812117407,3.285432,0,7.128,2323,0,100000,10000,4.007352,1.18848,7781.0,2476.0,64.37720087392366,4.007352,0,5.795,133,1,100000,10000
2026-01-20T07:26:43Z,3.066392,6.27552,5979.0,13074.0,64.10754306740257,3.066392,0,5.744,139,0,100000,10000,3.236528,6.747552,6313.0,14058.0,64.08458735941707,3.236528,0,7.187,2322,0,100000,10000,3.98176,1.1664,7766.0,2430.0,64.08962142673191,3.98176,0,5.795,133,1,100000,10000
2026-01-20T07:26:44Z,3.274544,6.75024,6337.0,14063.0,64.591762663721,3.274544,0,5.735,139,0,100000,10000,3.267376,6.468336,6323.0,13476.0,64.59307290842955,3.2673760000000005,0,7.187,2322,0,100000,10000,4.00848,1.16064,7773.0,2418.0,64.46159783867233,4.00848,0,5.748,133,1,100000,10000
2026-01-20T07:26:45Z,3.26936,6.74976,6324.0,14062.0,64.62207463630614,3.26936,0,5.735,139,0,100000,10000,3.108592,6.564336,6010.0,13676.0,64.65457570715475,3.108592,0,7.162,2322,0,100000,10000,4.007664,1.18032,7766.0,2459.0,64.50656708730364,4.007664,0,5.748,133,1,100000,10000
2026-01-20T07:26:47Z,3.249824,6.75984,6340.0,14083.0,64.07381703470031,3.249824,0,5.735,139,0,100000,10000,3.240096,6.751056,6321.0,14065.0,64.07403891789274,3.240096,0,7.162,2322,0,100000,10000,3.977376,1.16784,7761.0,2433.0,64.06030150753769,3.977376,0,5.748,133,1,100000,10000
2026-01-20T07:26:48Z,3.277848,6.74352,6326.0,14049.0,64.76936452734745,3.2778479999999997,0,5.717,138,0,100000,10000,3.277848,6.743856,6326.0,14050.0,64.76936452734745,3.2778479999999997,0,7.176,2322,0,100000,10000,3.692056,1.15296,7135.0,2402.0,64.68213034337772,3.692056,0,5.737,133,1,100000,10000
2026-01-20T07:26:49Z,3.255824,6.75744,6344.0,14078.0,64.15163934426229,3.255824,0,5.717,138,0,100000,10000,3.25736,6.758736,6347.0,14081.0,64.15156766976524,3.2573600000000003,0,7.176,2322,0,100000,10000,3.985936,1.1784,7770.0,2455.0,64.12380952380953,3.985936,0,5.737,133,1,100000,10000
2026-01-20T07:26:50Z,3.266232,6.75216,6328.0,14067.0,64.5194374209861,3.266232,0,5.717,138,0,100000,10000,3.265208,6.752016,6326.0,14067.0,64.51960164400886,3.265208,0,7.167,2322,0,100000,10000,4.001976,1.16928,7765.0,2436.0,64.42330972311655,4.001976,0,5.744,133,1,100000,10000
2026-01-20T07:26:51Z,3.305,6.74496,6316.0,14052.0,65.40927802406587,3.305,0,5.758,139,0,100000,10000,3.305,6.74496,6316.0,14052.0,65.40927802406587,3.305,0,7.167,2322,0,100000,10000,4.053784,1.16304,7769.0,2423.0,65.22370961513708,4.053784,0,5.744,133,1,100000,10000
2026-01-20T07:26:53Z,3.272088,6.74688,6321.0,14056.0,64.70669197911722,3.272088,0,5.758,139,0,100000,10000,3.272088,6.747552,6321.0,14058.0,64.70669197911722,3.272088,0,7.167,2322,0,100000,10000,4.008104,1.16592,7768.0,2429.0,64.49703913491246,4.008104,0,5.744,133,1,100000,10000
2026-01-20T07:26:54Z,3.0766,6.26736,5975.0,13057.0,64.36401673640168,3.0766,0,5.758,139,0,100000,10000,3.07916,6.269616,5980.0,13062.0,64.36371237458194,3.07916,0,7.167,2322,0,100000,10000,4.003592,1.16736,7783.0,2432.0,64.30026981883593,4.003592,0,5.751,132,1,100000,10000
2026-01-20T07:26:55Z,3.266952,6.75168,6333.0,14066.0,64.4827096162956,3.266952,0,5.758,139,0,100000,10000,3.264904,6.75024,6329.0,14063.0,64.4830146942645,3.2649039999999996,0,7.199,2321,0,100000,10000,3.743352,1.15488,7266.0,2406.0,64.39843104872007,3.743352,0,5.751,132,1,100000,10000
2026-01-20T07:26:56Z,3.246592,6.73776,6309.0,14037.0,64.32461562846727,3.246592,0,5.738,139,0,100000,10000,3.24608,6.737616,6308.0,14037.0,64.32466708941027,3.2460799999999996,0,7.199,2321,0,100000,10000,3.915776,1.15968,7616.0,2416.0,64.26890756302521,3.915776,0,5.741,133,1,100000,10000
2026-01-20T07:26:57Z,3.246504,6.73872,6295.0,14039.0,64.4659253375695,3.246504,0,5.738,139,0,100000,10000,3.247016,6.739392,6296.0,14041.0,64.46585133418043,3.247016,0,7.208,2323,0,100000,10000,3.996584,1.15872,7760.0,2414.0,64.37796391752578,3.9965840000000004,0,5.741,133,1,100000,10000
2026-01-20T07:26:58Z,3.235952,6.74544,6312.0,14053.0,64.08333333333333,3.235952,0,5.738,139,0,100000,10000,3.235952,6.74592,6312.0,14054.0,64.08333333333333,3.235952,0,7.208,2323,0,100000,10000,3.978864,1.1616,7763.0,2420.0,64.06775731031817,3.978864,0,5.741,133,1,100000,10000
2026-01-20T07:26:59Z,3.082616,6.26352,5964.0,13049.0,64.6088195841717,3.082616,0,5.793,139,0,100000,10000,3.087624,6.264816,5967.0,13052.0,64.68124685771744,3.087624,0,7.840,2323,0,100000,10000,4.015416,1.15824,7776.0,2413.0,64.54822530864197,4.015416,0,5.744,133,1,100000,10000
2026-01-20T07:27:01Z,3.267296,6.75552,6343.0,14074.0,64.38782910294813,3.267296,0,5.793,139,0,100000,10000,3.263312,6.754896,6342.0,14073.0,64.31945758435825,3.263312,0,7.840,2323,0,100000,10000,3.808032,1.16352,7409.0,2424.0,64.24672695370495,3.808032,0,5.744,133,1,100000,10000
2026-01-20T07:27:02Z,3.269744,6.74784,6326.0,14058.0,64.60923174201707,3.269744,0,5.793,139,0,100000,10000,3.268208,6.746256,6323.0,14055.0,64.60952079708998,3.2682080000000004,0,6.858,1823,0,100000,10000,3.865712,1.16448,7490.0,2426.0,64.51455273698264,3.865712,0,5.764,133,1,100000,10000
2026-01-20T07:27:03Z,3.298512,6.77664,6387.0,14118.0,64.555190230155,3.298512,0,5.741,139,0,100000,10000,3.302096,6.780816,6394.0,14127.0,64.5545824210197,3.302096,0,6.872,1823,0,100000,10000,4.338896,1.21008,8419.0,2521.0,64.42119016510274,4.338896,0,5.764,133,1,100000,10000
2026-01-20T07:27:04Z,3.280512,6.78576,6398.0,14137.0,64.09252891528602,3.280512,0,5.741,139,0,100000,10000,3.455424,7.257792,6738.0,15121.0,64.1032947462155,3.455424,0,6.872,1823,0,100000,10000,3.986504,1.2048,7771.0,2510.0,64.12469437652811,3.9865039999999996,0,5.769,133,1,100000,10000
2026-01-20T07:27:05Z,3.49224,7.24464,6740.0,15093.0,64.76706231454006,3.49224,0,5.736,139,0,100000,10000,3.317328,6.77328,6400.0,14111.0,64.7915625,3.317328,0,6.867,1824,0,100000,10000,4.027336,1.18896,7791.0,2477.0,64.61519702220511,4.027336,0,5.769,133,1,100000,10000
2026-01-20T07:27:07Z,3.264032,6.65232,6344.0,13859.0,64.31336696090794,3.2640320000000003,0,5.736,139,0,100000,10000,3.270608,6.756192,6342.0,14076.0,64.46326080100914,3.2706079999999997,0,6.867,1824,0,100000,10000,4.002768,1.1712,7772.0,2440.0,64.3780236747298,4.002768,0,5.769,133,1,100000,10000
2026-01-20T07:27:08Z,3.092408,6.37248,5974.0,13276.0,64.70555741546703,3.092408,0,5.736,139,0,100000,10000,3.082248,6.266256,5969.0,13055.0,64.54699279611326,3.082248,0,6.886,1823,0,100000,10000,4.007696,1.15584,7775.0,2408.0,64.4324115755627,4.007696,0,6.074,133,1,100000,10000
2026-01-20T07:27:09Z,3.290184,6.7776,6382.0,14120.0,64.44265120651833,3.290184,0,5.822,139,0,100000,10000,3.466312,7.253616,6726.0,15112.0,64.42001189414214,3.466312,0,7.510,1823,0,100000,10000,3.998,1.20432,7765.0,2509.0,64.35930457179653,3.998,0,6.074,133,1,100000,10000
2026-01-20T07:27:10Z,3.430576,6.88176,6682.0,14337.0,64.1756958994313,3.430576,0,5.822,139,0,100000,10000,3.258032,6.754416,6345.0,14072.0,64.18502758077226,3.2580320000000005,0,7.510,1823,0,100000,10000,3.984576,1.17456,7765.0,2447.0,64.14320669671604,3.984576,0,5.751,132,1,100000,10000
2026-01-20T07:27:11Z,3.083096,6.62352,5983.0,13799.0,64.41367207086746,3.083096,0,5.822,139,0,100000,10000,3.252568,6.608976,6314.0,13769.0,64.39198606271778,3.252568,0,7.510,1823,0,100000,10000,3.992408,1.16832,7759.0,2434.0,64.31898440520686,3.992408,0,5.751,132,1,100000,10000
2026-01-20T07:27:12Z,3.323696,6.75456,6343.0,14072.0,65.499290556519,3.3236960000000004,0,5.753,139,0,100000,10000,3.1532,6.424656,6010.0,13385.0,65.58236272878536,3.1531999999999996,0,7.510,1823,0,100000,10000,4.05688,1.1712,7775.0,2440.0,65.22315112540193,4.05688,0,5.751,132,1,100000,10000
2026-01-20T07:27:14Z,3.248976,6.7416,6305.0,14045.0,64.41268834258526,3.248976,0,5.753,139,0,100000,10000,3.245904,6.739056,6299.0,14040.0,64.41308144149865,3.2459040000000003,0,7.510,1823,0,100000,10000,3.665232,1.152,7118.0,2400.0,64.36555212138241,3.665232,0,5.747,133,1,100000,10000
2026-01-20T07:27:15Z,3.259328,6.76032,6355.0,14084.0,64.10952006294256,3.259328,0,5.753,139,0,100000,10000,3.265472,6.766416,6367.0,14097.0,64.10931364850008,3.265472,0,7.510,1823,0,100000,10000,3.980224,1.18944,7763.0,2478.0,64.08965606080123,3.980224,0,5.747,133,1,100000,10000
2026-01-20T07:27:16Z,3.278576,6.7608,6355.0,14085.0,64.48811959087332,3.2785760000000006,0,5.750,139,0,100000,10000,3.273968,6.756816,6346.0,14077.0,64.48881184998424,3.273968,0,7.510,1823,0,100000,10000,4.005104,1.17408,7774.0,2446.0,64.39902238229998,4.005104,0,5.810,133,1,100000,10000
2026-01-20T07:27:17Z,3.24688,6.7464,6310.0,14055.0,64.32012678288432,3.24688,0,5.750,139,0,100000,10000,3.245856,6.745776,6308.0,14054.0,64.32022828154724,3.245856,0,7.510,1823,0,100000,10000,3.988768,1.16592,7759.0,2429.0,64.26034282768398,3.9887680000000003,0,5.810,133,1,100000,10000
2026-01-20T07:27:18Z,3.254,6.74352,6322.0,14049.0,64.33881683011705,3.254,0,5.750,139,0,100000,10000,3.257072,6.746736,6328.0,14056.0,64.33849557522124,3.257072,0,7.510,1823,0,100000,10000,3.99896,1.1664,7777.0,2430.0,64.27542754275427,3.99896,0,5.827,133,1,100000,10000
2026-01-20T07:27:19Z,3.257088,6.74976,6321.0,14062.0,64.41006169909825,3.2570879999999995,0,5.764,138,0,100000,10000,3.25504,6.748176,6317.0,14059.0,64.4103213550736,3.25504,0,7.510,1823,0,100000,10000,3.995392,1.16352,7763.0,2424.0,64.33389153677702,3.995392,0,5.827,133,1,100000,10000
2026-01-20T07:27:21Z,3.075512,6.2712,5982.0,13065.0,64.26596456034771,3.075512,0,5.764,138,0,100000,10000,3.24908,6.743856,6321.0,14050.0,64.25170068027211,3.24908,0,7.510,1823,0,100000,10000,3.993528,1.164,7775.0,2425.0,64.20463022508038,3.9935279999999995,0,5.827,133,1,100000,10000
2026-01-20T07:27:22Z,3.393832,6.756,6371.0,14075.0,66.58750588604615,3.393832,0,5.764,138,0,100000,10000,3.392296,6.601296,6368.0,13753.0,66.58872487437186,3.392296,0,7.112,1823,0,100000,10000,4.12548,1.17504,7800.0,2448.0,66.11346153846154,4.12548,0,5.736,132,1,100000,10000
2026-01-20T07:27:23Z,3.264816,6.75552,6333.0,14074.0,64.4405495026054,3.264816,0,6.027,139,0,100000,10000,3.09432,6.440016,6000.0,13417.0,64.465,3.09432,0,6.871,1823,0,100000,10000,3.996976,1.17648,7763.0,2451.0,64.35939714028082,3.996976,0,5.736,132,1,100000,10000
2026-01-20T07:27:24Z,3.2786,6.7608,6357.0,14085.0,64.4683026584867,3.2786000000000004,0,6.027,139,0,100000,10000,3.277576,6.759696,6355.0,14083.0,64.4684500393391,3.2775760000000003,0,6.871,1823,0,100000,10000,4.00564,1.17648,7777.0,2451.0,64.38279542239938,4.00564,0,5.745,133,1,100000,10000
2026-01-20T07:27:25Z,3.256504,6.74448,6318.0,14051.0,64.42909148464705,3.2565040000000005,0,6.027,139,0,100000,10000,3.25548,6.744336,6316.0,14051.0,64.42922735908803,3.2554800000000004,0,6.916,1823,0,100000,10000,3.669176,1.15392,7124.0,2404.0,64.38054463784391,3.669176,0,5.745,133,1,100000,10000
2026-01-20T07:27:26Z,3.247384,6.75408,6331.0,14071.0,64.11672721528984,3.247384,0,5.767,139,0,100000,10000,3.251016,6.755376,6335.0,14074.0,64.14790844514602,3.2510159999999995,0,6.916,1823,0,100000,10000,3.983688,1.17264,7766.0,2443.0,64.12065413340201,3.983688,0,5.745,133,1,100000,10000
2026-01-20T07:27:28Z,3.25252,6.74304,6309.0,14048.0,64.44206688857189,3.2525200000000005,0,5.767,139,0,100000,10000,3.247352,6.740016,6302.0,14042.0,64.41113932085052,3.247352,0,6.867,1823,0,100000,10000,3.996408,1.15824,7765.0,2413.0,64.33367675466839,3.9964079999999997,0,5.808,133,1,100000,10000
2026-01-20T07:27:29Z,3.243144,6.73536,6304.0,14032.0,64.3072652284264,3.243144,0,5.767,139,0,100000,10000,3.244168,6.736656,6306.0,14035.0,64.30716777672059,3.244168,0,6.917,1823,0,100000,10000,3.990664,1.16064,7764.0,2418.0,64.24948480164863,3.990664,0,5.808,133,1,100000,10000
2026-01-20T07:27:30Z,3.107064,6.26784,5994.0,13058.0,64.79529529529529,3.107064,0,5.803,139,0,100000,10000,3.278072,6.390096,6328.0,13313.0,64.7533185840708,3.278072,0,6.917,1823,0,100000,10000,4.028664,1.16016,7794.0,2417.0,64.61162432640492,4.028664,0,5.756,133,1,100000,10000
2026-01-20T07:27:31Z,3.26344,6.75072,6330.0,14064.0,64.44391785150079,3.26344,0,5.803,139,0,100000,10000,3.091408,6.628176,5994.0,13809.0,64.4688021354688,3.091408,0,6.917,1823,0,100000,10000,4.00072,1.16448,7770.0,2426.0,64.36164736164736,4.00072,0,5.756,133,1,100000,10000
2026-01-20T07:27:32Z,3.24168,6.75216,6322.0,14067.0,64.0952230306865,3.24168,0,5.803,139,0,100000,10000,3.248832,6.758256,6335.0,14080.0,64.10481452249408,3.248832,0,6.917,1823,0,100000,10000,3.978432,1.17888,7760.0,2456.0,64.08556701030928,3.9784320000000006,0,5.806,133,1,100000,10000
2026-01-20T07:27:33Z,3.256112,6.74688,6316.0,14056.0,64.44173527549081,3.256112,0,5.707,139,0,100000,10000,3.24896,6.741936,6303.0,14046.0,64.4328097731239,3.24896,0,6.882,1823,0,100000,10000,3.665216,1.15152,7116.0,2399.0,64.38336143901068,3.6652160000000005,0,5.806,133,1,100000,10000
2026-01-20T07:27:35Z,3.227368,6.73296,6281.0,14027.0,64.22878522528259,3.227368,0,5.707,139,0,100000,10000,3.227368,6.732816,6281.0,14027.0,64.22878522528259,3.227368,0,6.882,1823,0,100000,10000,3.984104,1.15296,7759.0,2402.0,64.18520427890192,3.9841040000000003,0,5.806,133,1,100000,10000
2026-01-20T07:27:36Z,3.310808,6.70368,6362.0,13966.0,65.05045583149953,3.3108080000000006,0,5.707,139,0,100000,10000,3.311832,6.748656,6364.0,14060.0,65.05012570710245,3.311832,0,6.879,1823,0,100000,10000,4.052184,1.1664,7810.0,2430.0,64.85569782330346,4.052184,0,5.802,133,1,100000,10000
